start=654.333000
pause=yes
volume=54.000000
