start=1423.964000
volume=60.000000
aid=2
sub-delay=1.000000
