start=57.257000
volume=66.000000
