start=6.260989
pause=yes
volume=40.000000
