start=1429.303000
volume=60.000000
aid=2
sid=5
sub-delay=1.000000
