start=328.545000
volume=76.000000
