start=722.823000
pause=yes
volume=50.000000
