start=574.600000
speed=1.610510
volume=52.000000
fullscreen=yes
