start=112.913000
pause=yes
volume=74.000000
