start=299.983000
pause=yes
volume=54.000000
