start=1426.300000
volume=56.000000
aid=2
sub-delay=-10.000002
