start=1424.048000
volume=60.000000
aid=2
sub-delay=1.000000
