start=3392.560000
volume=78.000000
aid=2
sid=1
