start=9.134122
volume=42.000000
