start=1422.921000
volume=52.000000
aid=2
sid=5
sub-delay=1.000000
