start=1411.952200
volume=52.000000
