start=1422.630000
volume=52.000000
fullscreen=yes
aid=2
sub-delay=-10.000002
