start=1426.675000
volume=60.000000
aid=2
sub-delay=-10.000002
