start=14.755258
volume=58.000000
sid=no
