start=264.764000
volume=76.000000
