start=4.766667
volume=32.000000
