start=586.983000
pause=yes
volume=34.000000
mute=yes
panscan=0.200000
