start=1424.131000
volume=62.000000
aid=2
sid=5
sub-delay=1.000000
