start=895.562000
pause=yes
volume=78.000000
