start=4836.680000
volume=90.000000
gamma=20
aid=5
sid=2
