start=519.700000
speed=1.210000
pause=yes
volume=62.000000
fullscreen=yes
aid=1
