start=52.459000
volume=24.000000
