start=1423.714000
volume=62.000000
fullscreen=yes
aid=2
sub-delay=-10.000002
