start=32.449000
volume=48.000000
fullscreen=yes
aid=2
sid=5
sub-delay=-10.000002
