start=534.433000
volume=76.000000
