start=1423.297000
volume=52.000000
fullscreen=yes
aid=2
sub-delay=1.000000
