start=643.683000
pause=yes
volume=56.000000
