start=1423.005000
volume=60.000000
fullscreen=yes
aid=2
sub-delay=-10.000002
