start=74.199000
volume=70.000000
aid=2
sid=5
sub-delay=1.000000
