start=1421.920000
volume=66.000000
fullscreen=yes
aid=2
sid=5
sub-delay=-10.000002
