start=34.500000
volume=50.000000
fullscreen=yes
