start=375.917208
volume=60.000000
