start=24.941167
volume=62.000000
