start=586.820000
volume=48.000000
