start=175.009000
pause=yes
aid=1
sid=1
sub-delay=-1.000000
