start=555.989000
volume=68.000000
