start=-5.000000
volume=44.000000
