start=135.820000
volume=42.000000
