start=1430.471000
volume=54.000000
aid=2
sid=5
sub-delay=1.000000
