start=185.500000
volume=52.000000
