start=63.433000
pause=yes
volume=56.000000
